#
HAPLOTYPES 20 7
0.11546 0.11546 0.11546 0.88454 0.991065 0.88454 0.88454 
0.88454 0.88454 0.88454 0.88454 0.11546 0.11546 0.11546 
0.11546 0.11546 0.11546 0.88454 0.88454 0.047025 0.047025 
0.88454 0.88454 0.88454 0.11546 0.952975 0.11546 0.11546 
0.11546 0.11546 0.88454 0.88454 0.88454 0.88454 0.88454 
0.88454 0.88454 0.88454 0.88454 0.88454 0.88454 0.11546 
0.11546 0.952975 0.11546 0.047025 0.88454 0.88454 0.88454 
0.88454 0.047025 0.88454 0.88454 0.11546 0.11546 0.11546 
0.88454 0.88454 0.88454 0.11546 0.11546 0.11546 0.11546 
0.11546 0.047025 0.11546 0.88454 0.88454 0.88454 0.88454 
0.88454 0.88454 0.88454 0.88454 0.88454 0.11546 0.047025 
0.88454 0.88454 0.11546 0.047025 0.88454 0.047025 0.88454 
0.11546 0.11546 0.11546 0.88454 0.88454 0.88454 0.88454 
0.88454 0.88454 0.88454 0.88454 0.11546 0.88454 0.88454 
0.11546 0.11546 0.11546 0.88454 0.88454 0.88454 0.88454 
0.88454 0.88454 0.88454 0.047025 0.11546 0.11546 0.047025 
0.88454 0.88454 0.88454 0.88454 0.88454 0.88454 0.11546 
0.88454 0.047025 0.88454 0.047025 0.88454 0.11546 0.88454 
0.88454 0.88454 0.88454 0.88454 0.88454 0.88454 0.11546 
0.952975 0.11546 0.88454 0.88454 0.88454 0.88454 0.88454
