#
HAPLOTYPES 20 7 c1 c2 c3 c4 c5 c6 c7
s1 0.11546 0.11546 0.11546 0.88454 0.991065 0.88454 0.88454 
s2 0.88454 0.88454 0.88454 0.88454 0.11546 0.11546 0.11546 
s3 0.11546 0.11546 0.11546 0.88454 0.88454 0.047025 0.047025 
s4 0.88454 0.88454 0.88454 0.11546 0.952975 0.11546 0.11546 
s5 0.11546 0.11546 0.88454 0.88454 0.88454 0.88454 0.88454 
s6 0.88454 0.88454 0.88454 0.88454 0.88454 0.88454 0.11546 
s7 0.11546 0.952975 0.11546 0.047025 0.88454 0.88454 0.88454 
s8 0.88454 0.047025 0.88454 0.88454 0.11546 0.11546 0.11546 
s9 0.88454 0.88454 0.88454 0.11546 0.11546 0.11546 0.11546 
s10 0.11546 0.047025 0.11546 0.88454 0.88454 0.88454 0.88454 
s11 0.88454 0.88454 0.88454 0.88454 0.88454 0.11546 0.047025 
s12 0.88454 0.88454 0.11546 0.047025 0.88454 0.047025 0.88454 
s13 0.11546 0.11546 0.11546 0.88454 0.88454 0.88454 0.88454 
s14 0.88454 0.88454 0.88454 0.88454 0.11546 0.88454 0.88454 
s15 0.11546 0.11546 0.11546 0.88454 0.88454 0.88454 0.88454 
s16 0.88454 0.88454 0.88454 0.047025 0.11546 0.11546 0.047025 
s17 0.88454 0.88454 0.88454 0.88454 0.88454 0.88454 0.11546 
s18 0.88454 0.047025 0.88454 0.047025 0.88454 0.11546 0.88454 
s19 0.88454 0.88454 0.88454 0.88454 0.88454 0.88454 0.11546 
s20 0.952975 0.11546 0.88454 0.88454 0.88454 0.88454 0.88454
